13 15 17 18 19 21 22 24 25 27 29 30 31 33 36 38 41 42 46 48
408

40 44 48 51 53 55 57 59 61 63 64 68 69 70 74 78 85 88 92 97
1010

86 88 91 94 95 97 99 102 105 107 109 111 112 118 120 123 126 130 132 140
1850

23 27 31 34 36 39 42 45 47 50 52 55 58 60 63 66 69 71 75 78
530

52 57 61 64 68 71 74 78 81 84 88 91 95 98 102 105 108 112 115 119
980

95 99 103 107 110 114 118 121 125 129 132 136 140 143 147 150 154 158 161 165
1950

120 124 129 133 138 142 147 151 156 160 165 169 174 178 183 187 192 196 201 205
2500

180 186 191 197 202 208 213 219 224 230 235 241 246 252 257 263 268 274 279 285
3600

210 218 225 233 240 248 255 263 270 278 285 293 300 308 315 323 330 338 345 353
4200

320 329 337 346 354 363 371 380 388 397 405 414 422 431 439 448 456 465 473 482
6000

410 421 432 443 454 465 476 487 498 509 520 531 542 553 564 575 586 597 608 619
8000

520 533 546 559 572 585 598 611 624 637 650 663 676 689 702 715 728 741 754 767
10000
