13 15 17 18 19 21 22 24 25 27 29 30 31 33 36 38 41 42 46
408

40 44 48 51 53 55 57 59 61 63 64 68 69 70 74 78 85 88 92 97
1010

86 88 91 94 95 97 99 102 105 107 109 111 112 118 120 123 126 130 132 140 144
1850

49 51 57 58 60 62 64 66 69 70 73 75 77 79 81 82 84 86 88 92 95
1280

29 33 38 45 46 48 49 52 53 55 56 58 60 61 63 67 69 71 72 74 79 81 90 63
1440

34 38 44 47 49 52 56 57 59 61 63 64 68 71 72 73 79 81 83 88 92 95 66 68 79
1650

55 57 58 60 62 63 64 67 69 70 71 72 73 75 78 79 80 82 84 86 88 91 94 96 97 101
2020

91 94 95 97 99 101 102 107 109 111 112 115 118 120 123 124 126 130 132 134 136 138 141 145 149 152 168 140
2900

52 54 56 57 61 63 66 68 69 72 73 75 77 80 81 83 88 90 93 95 96 99 100 73 95 96 98 98 100
2050

45 46 48 49 50 52 53 55 56 57 60 61 64 66 68 69 71 72 74 76 78 79 82 85 87 90 96 98 100 105
1840

76 82 88 91 94 96 98 101 103 109 111 114 115 118 120 123 124 127 129 132 135 136 140 145 150 159 161 170 176
2590

46 50 52 54 55 57 59 60 62 63 66 68 69 71 72 75 78 80 82 83 84 90 95 98 101 82 104 110 120 123 126 130
2700

99 101 103 104 107 109 111 112 118 120 121 124 128 130 132 134 136 137 140 142 145 150 154 160 168 175 178 182 186 197
3240

45 47 49 52 54 56 58 60 63 65 68 70 72 73 75 77 79 80 83 85 86 87 89 92 94 95 98 101 102 105 109 112
2250

97 99 100 101 103 105 107 109 112 115 118 120 121 124 126 128 130 133 136 138 140 142 145 147 150 152 154 156 148 160 168 171
3000
