41 39 42 40 38 43 41 39 44 40 42 39 41 43 38 40 42 44 39 41 43 40 42 39 44 41 40 42 43 39
610

44 42 41 45 43 44 46 42 45 43 46 44 45 42 46 43 44 45 42 46 44 45 43 46 44 42 45 43 46 44 45
690

47 46 48 47 45 49 46 48 47 49 48 46 47 49 45 48 46 47 49 48 46 47 49 48 45 47 46 48 49 46 48 47
760

51 50 52 51 49 53 50 52 51 53 52 50 51 53 49 52 50 51 53 52 50 51 53 52 49 50 51 52 53 50 52 51 49
840

53 55 54 52 56 55 53 54 56 55 54 53 56 55 54 52 55 56 53 54 55 56 53 55 54 56 55 54 56 53 54 55 56 54
920

58 57 59 60 58 60 59 57 60 58 57 59 60 57 59 60 58 60 57 59 60 57 60 58 59 60 57 59 60 58 57 59 60 58 59 57
995

61 63 62 64 61 65 63 64 62 66 64 63 65 62 64 63 65 61 62 63 64 65 62 64 63 65 66 64 65 62 63 64 66 65 64 63 62
1080

65 67 68 66 69 67 65 66 68 69 67 66 68 69 65 67 68 69 66 67 68 69 65 67 68 69 66 67 68 69 67 66 68 69 65 67 69 66
1160

70 72 71 73 72 70 74 71 73 70 72 71 74 73 72 71 73 74 72 71 73 74 70 72 71 73 74 72 71 73 70 72 71 74 73 74 72 71 73 74
1320

73 75 74 76 77 75 78 74 76 77 74 76 77 75 78 76 74 77 78 75 76 78 74 77 76 75 78 76 74 75 78 77 76 75 78 77 76 75 77 78 76
1420

79 81 80 82 83 82 79 84 81 80 83 82 84 81 83 79 82 81 84 80 83 82 81 84 79 82 83 81 80 83 84 81 83 80 84 82 83 79 82 80 83 84
1525

84 85 87 86 88 85 87 86 88 84 87 85 88 86 87 85 88 86 87 84 86 85 88 87 84 85 87 86 88 85 87 86 88 84 85 86 88 87 85 86 87 88 86
1650

89 90 91 92 90 93 92 91 94 92 90 93 91 94 92 93 91 94 90 92 93 91 94 92 91 93 90 92 94 91 93 92 94 90 93 91 94 92 91 93 92 94 91 93 94
1760

92 94 93 95 96 94 97 95 96 93 95 96 94 97 95 96 94 93 97 96 94 95 96 97 95 96 94 97 96 95 93 94 97 96 94 95 96 97 95 96 94 97 95 96 97 94
1890

95 96 97 98 99 97 98 99 95 96 98 99 97 98 95 96 99 97 98 96 99 97 98 99 97 98 96 99 98 97 99 96 97 98 99 97 96 98 97 98 99 97 98 96 99 98 97 99
2050

100 101 103 102 105 101 103 102 104 103 101 102 104 103 101 102 105 104 103 101 102 104 103 105 102 104 101 103 104 101 103 102 105 104 103 101 104 102 103 105 101 102 103 105 104 102 105 103 104 101
2180

103 105 108 104 109 107 106 109 105 107 109 106 105 109 108 106 109 105 108 107 109 105 107 109 106 108 109 107 105 108 109 106 108 109 107 105 108 109 107 108 109 107 105 108 109 107 108 109 105 108 109 106
2300

108 110 111 113 112 110 115 111 113 112 110 113 114 112 111 114 113 111 115 112 114 113 112 115 113 114 112 113 110 115 111 112 114 113 112 115 113 111 114 113 115 112 114 113 115 112 114 113 110 115 114 113 112
2500

113 115 117 116 118 119 116 118 117 115 118 117 119 116 118 117 119 116 118 117 115 117 118 119 116 117 118 119 116 117 118 119 116 119 118 117 118 119 116 118 117 119 118 117 115 118 119 116 118 117 119 118 117 116
2670

117 119 120 121 122 119 121 122 120 121 119 123 121 120 119 123 121 119 120 123 121 120 122 121 123 120 123 121 122 120 121 123 122 120 121 123 122 121 120 123 121 119 120 123 122 121 120 123 121 122 120 123 121 120 123 121
2800

121 123 126 124 127 124 128 126 127 124 127 126 128 124 126 127 128 126 127 124 128 126 127 126 128 124 126 127 124 126 127 128 127 124 126 127 128 126 124 127 126 128 127 126 124 127 126 128 124 126 127 128 126 127 124 126 128 126
2980

124 126 128 129 130 131 129 130 128 126 129 130 131 130 129 128 131 130 129 128 129 130 131 129 128 130 129 131 130 128 129 131 130 129 131 130 129 128 130 131 129 128 130 129 131 130 129 131 130 128 129 130 131 129 130 128 131 129 130 131
3150
